CD1_1   = 1.98226778912130E-05
CD1_2   = 1.00443321011831E-05
CD2_1   = 1.00443318202377E-05
CD2_2   = -1.9822676641137E-05
END